   0.0000000e+00
   1.5390986e-13
   1.7872736e-06
   7.9690699e-07
   3.5432911e-06
   3.7300216e-06
   2.6914970e-06
   1.3258738e-06
   2.2172749e-06
   1.2576017e-06
   7.3051319e-07
   4.2850446e-07
   1.5178222e-06
   1.1502543e-06
   4.6042950e-06
   1.7246178e-06
   7.7901405e-07
   8.4043650e-07
   1.4800555e-06
   1.3808861e-06
   1.4159529e-06
   1.0154946e-06
   1.2749657e-06
   3.7892697e-06
   2.9086544e-06
   2.5798219e-06
   1.0925651e-06
   3.2991136e-06
   1.6663768e-06
   3.3565966e-06
   3.0242341e-06
   1.9656560e-06
   1.0844391e-06
   1.7059450e-06
   1.5733970e-06
   3.1963135e-06
   2.6780654e-06
   2.6900950e-06
   3.0375275e-06
   1.9210979e-06
   1.5521069e-06
   1.5875094e-06
   8.2779934e-07
   1.1738620e-06
   1.7216881e-06
   1.7029089e-06
   1.0247155e-06
   9.4220215e-07
   1.4013523e-06
   1.7218519e-06
   1.5371799e-06
   1.0076508e-06
   1.7042801e-06
   1.2944842e-06
   1.9053843e-06
   7.9079707e-07
   1.6489381e-06
   1.2719944e-06
   2.4382409e-06
   1.7164247e-06
   4.4667484e-06
   1.9972539e-06
   2.0172342e-06
   1.1392136e-06
   7.8568186e-07
   5.9234792e-06
   2.7056344e-06
   1.1508586e-06
   1.5199457e-06
   1.2858681e-06
   1.1334472e-06
   2.3527925e-06
   7.0525929e-06
   3.2444804e-06
   1.1422422e-06
   5.1441101e-06
   2.4063186e-06
   1.2121014e-06
   5.5707278e-07
   4.4106727e-07
   7.5554544e-07
   9.5430246e-07
   2.2508416e-06
   2.3264831e-06
   1.7952752e-06
   7.1327162e-07
   8.7681363e-07
   2.1746910e-06
   8.0676268e-07
   4.9493473e-07
   1.1578967e-06
   8.1054403e-07
   1.5525925e-06
   1.2657125e-06
   1.6915098e-06
   9.7262264e-07
   2.0548604e-06
   1.3139750e-06
   1.5857210e-06
   1.4034577e-06
