   0.0000000e+00
   2.3841858e-19
   1.3609572e-03
   8.0718281e-04
   1.8887859e-03
   3.4242656e-03
   1.4823497e-03
   1.2139429e-03
   3.5532675e-03
   5.0646427e-03
   6.6843070e-03
   4.0853432e-03
   3.6073495e-03
   4.7398957e-03
   2.2672178e-03
   8.6101629e-04
   3.8412397e-03
   3.5779551e-03
   3.2957496e-03
   4.4190440e-03
   2.6892929e-03
   1.1778179e-03
   2.7302051e-03
   2.0850187e-03
   2.0865975e-03
   2.8296246e-03
   4.9080392e-03
   2.0193758e-03
   1.1005523e-02
   4.4679534e-03
   4.4983856e-03
   4.8845489e-03
   6.2970597e-03
   3.0740471e-03
   1.6935139e-03
   2.0141433e-03
   1.6244751e-03
   3.6482448e-03
   7.5866097e-03
   3.0166255e-03
   2.7923185e-03
   4.2143703e-03
   6.3810654e-03
   4.4187801e-03
   1.1087337e-02
   7.6752718e-03
   5.7957670e-03
   8.4884677e-03
   6.1081267e-03
   2.0057912e-03
   2.7032648e-03
   5.3767464e-03
   4.0887908e-03
   9.5172675e-03
   6.1981839e-03
   5.8111470e-03
   9.4976868e-03
   2.1990388e-02
   4.0837648e-02
   4.1887161e-02
   9.2709633e-03
   5.2879369e-03
   3.6182393e-03
   2.4607185e-03
   3.9221487e-03
   4.3199812e-03
   2.2113398e-03
   1.0322358e-02
   3.9738233e-03
   2.3841673e-03
   4.5911524e-03
   1.2247397e-02
   1.1878699e-02
   5.4853998e-03
   9.0019628e-03
   3.2939450e-02
   2.2126622e-02
   6.9705326e-03
   3.4752806e-03
   2.7150362e-03
   3.9111573e-03
   2.0180208e-03
   1.9431508e-03
   3.8443709e-03
   4.7486344e-03
   6.8898433e-03
   3.3098906e-03
   2.6652774e-03
   2.0964129e-03
   8.9144222e-03
   3.8603876e-03
   5.4966146e-03
   2.9076880e-03
   5.2022717e-03
   3.5110091e-03
   1.8204701e-03
   1.9392295e-03
   5.5319068e-03
   9.4640136e-03
   2.4666714e-02
