   0.0000000e+00
   6.4554474e-07
   7.4963689e+00
   3.3424702e+00
   1.4861640e+01
   1.5644845e+01
   1.1288957e+01
   5.5611177e+00
   9.2999250e+00
   5.2747637e+00
   3.0639944e+00
   1.7972780e+00
   6.3662079e+00
   4.8245163e+00
   1.9311813e+01
   7.2335712e+00
   3.2674217e+00
   3.5250462e+00
   6.2078028e+00
   5.7918560e+00
   5.9389369e+00
   4.2592930e+00
   5.3475937e+00
   1.5893349e+01
   1.2199781e+01
   1.0820557e+01
   4.5825500e+00
   1.3837486e+01
   6.9892909e+00
   1.4078587e+01
   1.2684557e+01
   8.2445587e+00
   4.5484672e+00
   7.1552521e+00
   6.5993054e+00
   1.3406311e+01
   1.1232620e+01
   1.1283076e+01
   1.2740314e+01
   8.0576686e+00
   6.5100081e+00
   6.6584968e+00
   3.4720421e+00
   4.9235341e+00
   7.2212833e+00
   7.1425177e+00
   4.2979683e+00
   3.9518823e+00
   5.8776975e+00
   7.2219705e+00
   6.4473996e+00
   4.2263939e+00
   7.1482686e+00
   5.4294603e+00
   7.9917610e+00
   3.3168433e+00
   6.9161476e+00
   5.3351314e+00
   1.0226724e+01
   7.1992069e+00
   1.8734901e+01
   8.3770900e+00
   8.4608934e+00
   4.7782082e+00
   3.2953886e+00
   2.4844873e+01
   1.1348253e+01
   4.8270508e+00
   6.3751142e+00
   5.3933217e+00
   4.7540222e+00
   9.8683269e+00
   2.9580719e+01
   1.3608337e+01
   4.7909111e+00
   2.1575961e+01
   1.0092832e+01
   5.0839218e+00
   2.3365326e+00
   1.8499702e+00
   3.1689873e+00
   4.0026346e+00
   9.4407138e+00
   9.7579772e+00
   7.5299301e+00
   2.9916780e+00
   3.6776229e+00
   9.1213152e+00
   3.3838080e+00
   2.0759067e+00
   4.8565708e+00
   3.3996681e+00
   6.5120451e+00
   5.3087830e+00
   7.0947065e+00
   4.0794750e+00
   8.6187094e+00
   5.5112105e+00
   6.6509959e+00
   5.8865284e+00
