   0.0000000e+00
   1.0000000e-12
   5.7082684e+03
   3.3855701e+03
   7.9221421e+03
   1.4362411e+04
   6.2174253e+03
   5.0916455e+03
   1.4903484e+04
   2.1242651e+04
   2.8036016e+04
   1.7135171e+04
   1.5130321e+04
   1.9880563e+04
   9.5094007e+03
   3.6113641e+03
   1.6111327e+04
   1.5007031e+04
   1.3823376e+04
   1.8534814e+04
   1.1279712e+04
   4.9401263e+03
   1.1451310e+04
   8.7452023e+03
   8.7518243e+03
   1.1868306e+04
   2.0585808e+04
   8.4698759e+03
   4.6160509e+04
   1.8739955e+04
   1.8867597e+04
   2.0487283e+04
   2.6411783e+04
   1.2893488e+04
   7.1031119e+03
   8.4479294e+03
   6.8135423e+03
   1.5301848e+04
   3.1820547e+04
   1.2652645e+04
   1.1711833e+04
   1.7676350e+04
   2.6764128e+04
   1.8533707e+04
   4.6503662e+04
   3.2192423e+04
   2.4309209e+04
   3.5603214e+04
   2.5619340e+04
   8.4128981e+03
   1.1338314e+04
   2.2551709e+04
   1.7149632e+04
   3.9918313e+04
   2.5997068e+04
   2.4373717e+04
   3.9836186e+04
   9.2234371e+04
   1.7128551e+05
   1.7568749e+05
   3.8885239e+04
   2.2179215e+04
   1.5175996e+04
   1.0321001e+04
   1.6450684e+04
   1.8119315e+04
   9.2750312e+03
   4.3295107e+04
   1.6667423e+04
   9.9999224e+03
   1.9256689e+04
   5.1369305e+04
   4.9822876e+04
   2.3007434e+04
   3.7756969e+04
   1.3815807e+05
   9.2805778e+04
   2.9236533e+04
   1.4576383e+04
   1.1387687e+04
   1.6404583e+04
   8.4641927e+03
   8.1501650e+03
   1.6124460e+04
   1.9917216e+04
   2.8898097e+04
   1.3882687e+04
   1.1178983e+04
   8.7929928e+03
   3.7389796e+04
   1.6191639e+04
   2.3054473e+04
   1.2195728e+04
   2.1819909e+04
   1.4726239e+04
   7.6356049e+03
   8.1337179e+03
   2.3202499e+04
   3.9694950e+04
   1.0345970e+05
